68
50
59
59
83
23
109
29
58
62
96
71
59
41
32
17
93
33
74
47
12
21
105
74
44
63
69
34
66
48
17
66
92
93
38
109
95
19
58
22
58
23
56
82
48
66
102
12
46
86
25
50
70
18
56
46
59
95
43
83
95
64
93
45
69
70
100
102
10
23
104
103
21
52
107
66
14
74
47
77
69
50
48
31
44
55
56
46
30
43
108
37
52
105
25
22
79
26
107
18
92
35
68
104
73
66
24
20
25
18
64
45
54
72
92
68
28
59
106
30
108
12
11
108
22
107
36
38
28
13
98
30
40
14
29
109
24
20
63
38
20
44
11
66
48
105
20
68
59
19
101
106
67
46
13
108
61
59
87
15
71
86
57
80
24
45
32
14
40
47
89
49
72
52
11
69
85
12
69
71
108
15
29
62
97
28
85
49
64
41
24
58
47
13
45
106
50
99
12
67
71
18
13
82
93
102
77
103
79
30
58
49
81
14
78
38
107
19
43
71
93
56
29
24
89
100
69
14
58
109
101
96
21
79
23
91
31
109
19
94
39
67
15
74
24
76
25
19
64
14
15
86
78
101
78
79
41
92
13
42
98
30
59
82
16
15
20
106
102
81
108
56
21
106
48
50
82
19
77
75
18
90
74
34
24
59
101
13
75
80
74
60
17
39
43
15
98
52
47
50
25
47
76
79
104
107
42
45
75
48
38
91
71
59
35
87
35
75
32
25
42
53
27
102
98
75
100
41
65
26
28
43
94
31
19
109
86
67
92
96
87
66
105
100
16
76
31
85
19
80
62
98
20
86
88
39
98
64
42
82
67
44
32
40
31
76
58
37
17
58
43
69
41
90
69
52
61
101
65
33
87
35
76
66
99
85
57
67
41
55
10
48
41
55
70
99
37
19
13
67
34
95
77
97
99
35
50
13
70
71
89
33
88
84
57
76
96
98
43
22
55
90
35
25
74
15
98
103
107
87
58
91
29
95
28
13
55
39
29
62
27
30
67
22
107
34
13
92
11
86
98
100
72
37
81
55
80
19
88
104
79
29
103
12
78
90
72
79
42
94
17
30
31
25
108
101
62
82
49
26
95
13
20
97
91
15
105
57
85
39
85
54
59
88
15
52
12
42
27
93
