6
28
42
2
16
3
37
18
36
31
47
31
6
38
47
29
30
10
18
5
21
2
50
8
16
10
33
18
2
1
28
11
36
26
50
37
31
17
38
39
31
32
44
19
34
18
47
42
5
8
44
5
46
44
13
3
7
22
33
10
18
27
19
17
10
39
36
24
8
35
42
4
36
17
17
28
4
21
30
22
8
14
24
22
1
23
44
28
30
50
10
33
27
19
29
10
17
24
15
28
43
38
35
47
41
8
7
19
13
38
18
30
21
42
31
39
14
48
10
7
33
36
8
14
29
45
47
39
1
48
30
45
42
10
49
32
38
37
11
2
25
32
12
4
45
29
45
34
42
32
21
30
20
14
1
27
37
32
2
20
4
2
2
40
7
15
41
12
39
7
7
16
8
42
6
34
4
37
10
4
23
18
33
8
28
45
5
13
6
28
21
17
10
1
11
39
30
37
48
31
25
49
36
37
34
30
27
44
20
13
46
7
17
50
49
7
34
25
15
31
26
25
39
11
1
48
21
36
21
50
18
3
35
47
30
19
10
13
20
7
6
36
36
5
19
35
30
3
17
11
20
15
37
2
6
14
31
7
20
39
10
39
14
40
37
27
38
2
46
1
3
5
7
37
27
6
44
48
34
12
22
34
25
39
37
50
32
3
44
45
38
24
33
43
3
6
41
24
47
4
6
29
47
43
27
39
21
50
46
44
12
24
38
13
37
6
5
29
38
6
14
24
7
31
27
9
21
23
9
12
11
29
7
37
38
42
50
22
23
46
47
14
45
19
34
45
2
33
13
43
25
50
7
44
32
18
29
43
11
37
36
22
25
46
37
24
41
14
1
41
40
14
37
25
7
1
17
29
22
8
47
35
19
25
5
30
14
4
36
6
28
21
25
44
15
21
33
11
47
13
24
24
32
41
27
34
18
1
48
10
23
44
32
7
11
23
13
13
32
27
8
35
6
32
49
24
34
37
24
45
26
1
15
40
18
18
17
7
27
49
43
22
19
9
14
16
50
49
50
17
10
25
31
39
8
28
43
48
45
27
39
13
27
10
40
33
8
43
7
15
10
45
2
2
43
49
38
27
50
42
30
37
17
14
4
35
40
12
4
12
42
3
26
25
25
3
34
50
29
4
